{
 "cells": [
  {
   "cell_type": "code",
   "execution_count": 1,
   "metadata": {},
   "outputs": [
    {
     "name": "stdout",
     "output_type": "stream",
     "text": [
      "['GoogleNews-vectors-negative300.bin.gz', 'sample_submission.csv', 'sample_submission.csv .zip', 'test.csv', 'test.csv.zip', 'test_interaction.pkl', 'test_jaccard.pkl', 'test_len.pkl', 'test_porter.csv', 'test_porter_interaction.pkl', 'test_porter_jaccard.pkl', 'test_question1_porter_tfidf.pkl', 'test_question1_tfidf.pkl', 'test_question2_porter_tfidf.pkl', 'test_question2_tfidf.pkl', 'train.csv', 'train.csv.zip', 'train_interaction.pkl', 'train_jaccard.pkl', 'train_len.pkl', 'train_porter.csv', 'train_porter_interaction.pkl', 'train_porter_jaccard.pkl', 'train_question1_porter_tfidf.pkl', 'train_question1_tfidf.pkl', 'train_question2_porter_tfidf.pkl', 'train_question2_tfidf.pkl', 'X_t_tfidf.svm', 'X_test_tfidf.svm', 'X_tfidf.svm', 'X_train_tfidf.svm']\n"
     ]
    }
   ],
   "source": [
    "from __future__ import division\n",
    "import time, os, gc\n",
    "import numpy as np\n",
    "import pandas as pd\n",
    "import scipy\n",
    "from sklearn.preprocessing import LabelEncoder, OneHotEncoder, StandardScaler\n",
    "from sklearn.feature_extraction.text import TfidfVectorizer, CountVectorizer\n",
    "from sklearn.model_selection import StratifiedKFold\n",
    "from sklearn.feature_selection import SelectPercentile, f_classif\n",
    "from nltk.stem.porter import PorterStemmer\n",
    "from nltk.stem.snowball import SnowballStemmer\n",
    "from sklearn.preprocessing import OneHotEncoder,LabelEncoder,StandardScaler\n",
    "from sklearn.decomposition import TruncatedSVD,PCA\n",
    "from sklearn.feature_extraction import text\n",
    "from sklearn.metrics import log_loss\n",
    "import matplotlib.pyplot as plt\n",
    "import seaborn as sns\n",
    "%matplotlib inline\n",
    "sns.set_style('whitegrid')\n",
    "\n",
    "from IPython.core.interactiveshell import InteractiveShell\n",
    "InteractiveShell.ast_node_interactivity = \"all\"\n",
    "\n",
    "PATH = os.path.expanduser(\"~\") + \"/data/quora/\"\n",
    "print os.listdir(PATH)"
   ]
  },
  {
   "cell_type": "code",
   "execution_count": 2,
   "metadata": {},
   "outputs": [
    {
     "ename": "KeyboardInterrupt",
     "evalue": "",
     "output_type": "error",
     "traceback": [
      "\u001b[0;31m---------------------------------------------------------------------------\u001b[0m",
      "\u001b[0;31mKeyboardInterrupt\u001b[0m                         Traceback (most recent call last)",
      "\u001b[0;32m<ipython-input-2-f33d5a92a184>\u001b[0m in \u001b[0;36m<module>\u001b[0;34m()\u001b[0m\n\u001b[1;32m     10\u001b[0m \u001b[0msnowball\u001b[0m \u001b[0;34m=\u001b[0m \u001b[0mSnowballStemmer\u001b[0m\u001b[0;34m(\u001b[0m\u001b[0;34m'english'\u001b[0m\u001b[0;34m)\u001b[0m\u001b[0;34m\u001b[0m\u001b[0m\n\u001b[1;32m     11\u001b[0m \u001b[0;34m\u001b[0m\u001b[0m\n\u001b[0;32m---> 12\u001b[0;31m \u001b[0mtrain_orig\u001b[0m\u001b[0;34m[\u001b[0m\u001b[0;34m'question1'\u001b[0m\u001b[0;34m]\u001b[0m \u001b[0;34m=\u001b[0m \u001b[0mtrain_orig\u001b[0m\u001b[0;34m[\u001b[0m\u001b[0;34m'question1'\u001b[0m\u001b[0;34m]\u001b[0m\u001b[0;34m.\u001b[0m\u001b[0mastype\u001b[0m\u001b[0;34m(\u001b[0m\u001b[0mstr\u001b[0m\u001b[0;34m)\u001b[0m\u001b[0;34m.\u001b[0m\u001b[0mapply\u001b[0m\u001b[0;34m(\u001b[0m\u001b[0;32mlambda\u001b[0m \u001b[0mx\u001b[0m\u001b[0;34m:\u001b[0m\u001b[0mstem_str\u001b[0m\u001b[0;34m(\u001b[0m\u001b[0mx\u001b[0m\u001b[0;34m.\u001b[0m\u001b[0mlower\u001b[0m\u001b[0;34m(\u001b[0m\u001b[0;34m)\u001b[0m\u001b[0;34m,\u001b[0m\u001b[0msnowball\u001b[0m\u001b[0;34m)\u001b[0m\u001b[0;34m)\u001b[0m\u001b[0;34m\u001b[0m\u001b[0m\n\u001b[0m\u001b[1;32m     13\u001b[0m \u001b[0mtrain_orig\u001b[0m\u001b[0;34m[\u001b[0m\u001b[0;34m'question1'\u001b[0m\u001b[0;34m]\u001b[0m \u001b[0;34m=\u001b[0m \u001b[0mtrain_orig\u001b[0m\u001b[0;34m[\u001b[0m\u001b[0;34m'question1'\u001b[0m\u001b[0;34m]\u001b[0m\u001b[0;34m.\u001b[0m\u001b[0mastype\u001b[0m\u001b[0;34m(\u001b[0m\u001b[0mstr\u001b[0m\u001b[0;34m)\u001b[0m\u001b[0;34m.\u001b[0m\u001b[0mapply\u001b[0m\u001b[0;34m(\u001b[0m\u001b[0;32mlambda\u001b[0m \u001b[0mx\u001b[0m\u001b[0;34m:\u001b[0m\u001b[0mstem_str\u001b[0m\u001b[0;34m(\u001b[0m\u001b[0mx\u001b[0m\u001b[0;34m.\u001b[0m\u001b[0mlower\u001b[0m\u001b[0;34m(\u001b[0m\u001b[0;34m)\u001b[0m\u001b[0;34m,\u001b[0m\u001b[0msnowball\u001b[0m\u001b[0;34m)\u001b[0m\u001b[0;34m)\u001b[0m\u001b[0;34m\u001b[0m\u001b[0m\n\u001b[1;32m     14\u001b[0m \u001b[0mtrain_orig\u001b[0m\u001b[0;34m[\u001b[0m\u001b[0;34m'question2'\u001b[0m\u001b[0;34m]\u001b[0m \u001b[0;34m=\u001b[0m \u001b[0mtrain_orig\u001b[0m\u001b[0;34m[\u001b[0m\u001b[0;34m'question2'\u001b[0m\u001b[0;34m]\u001b[0m\u001b[0;34m.\u001b[0m\u001b[0mastype\u001b[0m\u001b[0;34m(\u001b[0m\u001b[0mstr\u001b[0m\u001b[0;34m)\u001b[0m\u001b[0;34m.\u001b[0m\u001b[0mapply\u001b[0m\u001b[0;34m(\u001b[0m\u001b[0;32mlambda\u001b[0m \u001b[0mx\u001b[0m\u001b[0;34m:\u001b[0m\u001b[0mstem_str\u001b[0m\u001b[0;34m(\u001b[0m\u001b[0mx\u001b[0m\u001b[0;34m.\u001b[0m\u001b[0mlower\u001b[0m\u001b[0;34m(\u001b[0m\u001b[0;34m)\u001b[0m\u001b[0;34m,\u001b[0m\u001b[0msnowball\u001b[0m\u001b[0;34m)\u001b[0m\u001b[0;34m)\u001b[0m\u001b[0;34m\u001b[0m\u001b[0m\n",
      "\u001b[0;32m/usr/local/lib/python2.7/site-packages/pandas/core/series.pyc\u001b[0m in \u001b[0;36mapply\u001b[0;34m(self, func, convert_dtype, args, **kwds)\u001b[0m\n\u001b[1;32m   2235\u001b[0m             \u001b[0mvalues\u001b[0m \u001b[0;34m=\u001b[0m \u001b[0mlib\u001b[0m\u001b[0;34m.\u001b[0m\u001b[0mmap_infer\u001b[0m\u001b[0;34m(\u001b[0m\u001b[0mvalues\u001b[0m\u001b[0;34m,\u001b[0m \u001b[0mboxer\u001b[0m\u001b[0;34m)\u001b[0m\u001b[0;34m\u001b[0m\u001b[0m\n\u001b[1;32m   2236\u001b[0m \u001b[0;34m\u001b[0m\u001b[0m\n\u001b[0;32m-> 2237\u001b[0;31m         \u001b[0mmapped\u001b[0m \u001b[0;34m=\u001b[0m \u001b[0mlib\u001b[0m\u001b[0;34m.\u001b[0m\u001b[0mmap_infer\u001b[0m\u001b[0;34m(\u001b[0m\u001b[0mvalues\u001b[0m\u001b[0;34m,\u001b[0m \u001b[0mf\u001b[0m\u001b[0;34m,\u001b[0m \u001b[0mconvert\u001b[0m\u001b[0;34m=\u001b[0m\u001b[0mconvert_dtype\u001b[0m\u001b[0;34m)\u001b[0m\u001b[0;34m\u001b[0m\u001b[0m\n\u001b[0m\u001b[1;32m   2238\u001b[0m         \u001b[0;32mif\u001b[0m \u001b[0mlen\u001b[0m\u001b[0;34m(\u001b[0m\u001b[0mmapped\u001b[0m\u001b[0;34m)\u001b[0m \u001b[0;32mand\u001b[0m \u001b[0misinstance\u001b[0m\u001b[0;34m(\u001b[0m\u001b[0mmapped\u001b[0m\u001b[0;34m[\u001b[0m\u001b[0;36m0\u001b[0m\u001b[0;34m]\u001b[0m\u001b[0;34m,\u001b[0m \u001b[0mSeries\u001b[0m\u001b[0;34m)\u001b[0m\u001b[0;34m:\u001b[0m\u001b[0;34m\u001b[0m\u001b[0m\n\u001b[1;32m   2239\u001b[0m             \u001b[0;32mfrom\u001b[0m \u001b[0mpandas\u001b[0m\u001b[0;34m.\u001b[0m\u001b[0mcore\u001b[0m\u001b[0;34m.\u001b[0m\u001b[0mframe\u001b[0m \u001b[0;32mimport\u001b[0m \u001b[0mDataFrame\u001b[0m\u001b[0;34m\u001b[0m\u001b[0m\n",
      "\u001b[0;32mpandas/src/inference.pyx\u001b[0m in \u001b[0;36mpandas.lib.map_infer (pandas/lib.c:63043)\u001b[0;34m()\u001b[0m\n",
      "\u001b[0;32m<ipython-input-2-f33d5a92a184>\u001b[0m in \u001b[0;36m<lambda>\u001b[0;34m(x)\u001b[0m\n\u001b[1;32m     10\u001b[0m \u001b[0msnowball\u001b[0m \u001b[0;34m=\u001b[0m \u001b[0mSnowballStemmer\u001b[0m\u001b[0;34m(\u001b[0m\u001b[0;34m'english'\u001b[0m\u001b[0;34m)\u001b[0m\u001b[0;34m\u001b[0m\u001b[0m\n\u001b[1;32m     11\u001b[0m \u001b[0;34m\u001b[0m\u001b[0m\n\u001b[0;32m---> 12\u001b[0;31m \u001b[0mtrain_orig\u001b[0m\u001b[0;34m[\u001b[0m\u001b[0;34m'question1'\u001b[0m\u001b[0;34m]\u001b[0m \u001b[0;34m=\u001b[0m \u001b[0mtrain_orig\u001b[0m\u001b[0;34m[\u001b[0m\u001b[0;34m'question1'\u001b[0m\u001b[0;34m]\u001b[0m\u001b[0;34m.\u001b[0m\u001b[0mastype\u001b[0m\u001b[0;34m(\u001b[0m\u001b[0mstr\u001b[0m\u001b[0;34m)\u001b[0m\u001b[0;34m.\u001b[0m\u001b[0mapply\u001b[0m\u001b[0;34m(\u001b[0m\u001b[0;32mlambda\u001b[0m \u001b[0mx\u001b[0m\u001b[0;34m:\u001b[0m\u001b[0mstem_str\u001b[0m\u001b[0;34m(\u001b[0m\u001b[0mx\u001b[0m\u001b[0;34m.\u001b[0m\u001b[0mlower\u001b[0m\u001b[0;34m(\u001b[0m\u001b[0;34m)\u001b[0m\u001b[0;34m,\u001b[0m\u001b[0msnowball\u001b[0m\u001b[0;34m)\u001b[0m\u001b[0;34m)\u001b[0m\u001b[0;34m\u001b[0m\u001b[0m\n\u001b[0m\u001b[1;32m     13\u001b[0m \u001b[0mtrain_orig\u001b[0m\u001b[0;34m[\u001b[0m\u001b[0;34m'question1'\u001b[0m\u001b[0;34m]\u001b[0m \u001b[0;34m=\u001b[0m \u001b[0mtrain_orig\u001b[0m\u001b[0;34m[\u001b[0m\u001b[0;34m'question1'\u001b[0m\u001b[0;34m]\u001b[0m\u001b[0;34m.\u001b[0m\u001b[0mastype\u001b[0m\u001b[0;34m(\u001b[0m\u001b[0mstr\u001b[0m\u001b[0;34m)\u001b[0m\u001b[0;34m.\u001b[0m\u001b[0mapply\u001b[0m\u001b[0;34m(\u001b[0m\u001b[0;32mlambda\u001b[0m \u001b[0mx\u001b[0m\u001b[0;34m:\u001b[0m\u001b[0mstem_str\u001b[0m\u001b[0;34m(\u001b[0m\u001b[0mx\u001b[0m\u001b[0;34m.\u001b[0m\u001b[0mlower\u001b[0m\u001b[0;34m(\u001b[0m\u001b[0;34m)\u001b[0m\u001b[0;34m,\u001b[0m\u001b[0msnowball\u001b[0m\u001b[0;34m)\u001b[0m\u001b[0;34m)\u001b[0m\u001b[0;34m\u001b[0m\u001b[0m\n\u001b[1;32m     14\u001b[0m \u001b[0mtrain_orig\u001b[0m\u001b[0;34m[\u001b[0m\u001b[0;34m'question2'\u001b[0m\u001b[0;34m]\u001b[0m \u001b[0;34m=\u001b[0m \u001b[0mtrain_orig\u001b[0m\u001b[0;34m[\u001b[0m\u001b[0;34m'question2'\u001b[0m\u001b[0;34m]\u001b[0m\u001b[0;34m.\u001b[0m\u001b[0mastype\u001b[0m\u001b[0;34m(\u001b[0m\u001b[0mstr\u001b[0m\u001b[0;34m)\u001b[0m\u001b[0;34m.\u001b[0m\u001b[0mapply\u001b[0m\u001b[0;34m(\u001b[0m\u001b[0;32mlambda\u001b[0m \u001b[0mx\u001b[0m\u001b[0;34m:\u001b[0m\u001b[0mstem_str\u001b[0m\u001b[0;34m(\u001b[0m\u001b[0mx\u001b[0m\u001b[0;34m.\u001b[0m\u001b[0mlower\u001b[0m\u001b[0;34m(\u001b[0m\u001b[0;34m)\u001b[0m\u001b[0;34m,\u001b[0m\u001b[0msnowball\u001b[0m\u001b[0;34m)\u001b[0m\u001b[0;34m)\u001b[0m\u001b[0;34m\u001b[0m\u001b[0m\n",
      "\u001b[0;32m<ipython-input-2-f33d5a92a184>\u001b[0m in \u001b[0;36mstem_str\u001b[0;34m(x, stemmer)\u001b[0m\n\u001b[1;32m      4\u001b[0m \u001b[0;32mdef\u001b[0m \u001b[0mstem_str\u001b[0m\u001b[0;34m(\u001b[0m\u001b[0mx\u001b[0m\u001b[0;34m,\u001b[0m\u001b[0mstemmer\u001b[0m\u001b[0;34m=\u001b[0m\u001b[0mSnowballStemmer\u001b[0m\u001b[0;34m(\u001b[0m\u001b[0;34m'english'\u001b[0m\u001b[0;34m)\u001b[0m\u001b[0;34m)\u001b[0m\u001b[0;34m:\u001b[0m\u001b[0;34m\u001b[0m\u001b[0m\n\u001b[1;32m      5\u001b[0m         \u001b[0mx\u001b[0m \u001b[0;34m=\u001b[0m \u001b[0mtext\u001b[0m\u001b[0;34m.\u001b[0m\u001b[0mre\u001b[0m\u001b[0;34m.\u001b[0m\u001b[0msub\u001b[0m\u001b[0;34m(\u001b[0m\u001b[0;34m\"[^a-zA-Z0-9]\"\u001b[0m\u001b[0;34m,\u001b[0m\u001b[0;34m\" \"\u001b[0m\u001b[0;34m,\u001b[0m \u001b[0mx\u001b[0m\u001b[0;34m)\u001b[0m\u001b[0;34m\u001b[0m\u001b[0m\n\u001b[0;32m----> 6\u001b[0;31m         \u001b[0mx\u001b[0m \u001b[0;34m=\u001b[0m \u001b[0;34m(\u001b[0m\u001b[0;34m\" \"\u001b[0m\u001b[0;34m)\u001b[0m\u001b[0;34m.\u001b[0m\u001b[0mjoin\u001b[0m\u001b[0;34m(\u001b[0m\u001b[0;34m[\u001b[0m\u001b[0mstemmer\u001b[0m\u001b[0;34m.\u001b[0m\u001b[0mstem\u001b[0m\u001b[0;34m(\u001b[0m\u001b[0mz\u001b[0m\u001b[0;34m)\u001b[0m \u001b[0;32mfor\u001b[0m \u001b[0mz\u001b[0m \u001b[0;32min\u001b[0m \u001b[0mx\u001b[0m\u001b[0;34m.\u001b[0m\u001b[0msplit\u001b[0m\u001b[0;34m(\u001b[0m\u001b[0;34m\" \"\u001b[0m\u001b[0;34m)\u001b[0m\u001b[0;34m]\u001b[0m\u001b[0;34m)\u001b[0m\u001b[0;34m\u001b[0m\u001b[0m\n\u001b[0m\u001b[1;32m      7\u001b[0m         \u001b[0mx\u001b[0m \u001b[0;34m=\u001b[0m \u001b[0;34m\" \"\u001b[0m\u001b[0;34m.\u001b[0m\u001b[0mjoin\u001b[0m\u001b[0;34m(\u001b[0m\u001b[0mx\u001b[0m\u001b[0;34m.\u001b[0m\u001b[0msplit\u001b[0m\u001b[0;34m(\u001b[0m\u001b[0;34m)\u001b[0m\u001b[0;34m)\u001b[0m\u001b[0;34m\u001b[0m\u001b[0m\n\u001b[1;32m      8\u001b[0m         \u001b[0;32mreturn\u001b[0m \u001b[0mx\u001b[0m\u001b[0;34m\u001b[0m\u001b[0m\n",
      "\u001b[0;32m/usr/local/lib/python2.7/site-packages/nltk/stem/snowball.pyc\u001b[0m in \u001b[0;36mstem\u001b[0;34m(self, word)\u001b[0m\n\u001b[1;32m    721\u001b[0m                     \u001b[0;32mbreak\u001b[0m\u001b[0;34m\u001b[0m\u001b[0m\n\u001b[1;32m    722\u001b[0m         \u001b[0;32melse\u001b[0m\u001b[0;34m:\u001b[0m\u001b[0;34m\u001b[0m\u001b[0m\n\u001b[0;32m--> 723\u001b[0;31m             \u001b[0mr1\u001b[0m\u001b[0;34m,\u001b[0m \u001b[0mr2\u001b[0m \u001b[0;34m=\u001b[0m \u001b[0mself\u001b[0m\u001b[0;34m.\u001b[0m\u001b[0m_r1r2_standard\u001b[0m\u001b[0;34m(\u001b[0m\u001b[0mword\u001b[0m\u001b[0;34m,\u001b[0m \u001b[0mself\u001b[0m\u001b[0;34m.\u001b[0m\u001b[0m__vowels\u001b[0m\u001b[0;34m)\u001b[0m\u001b[0;34m\u001b[0m\u001b[0m\n\u001b[0m\u001b[1;32m    724\u001b[0m \u001b[0;34m\u001b[0m\u001b[0m\n\u001b[1;32m    725\u001b[0m \u001b[0;34m\u001b[0m\u001b[0m\n",
      "\u001b[0;32m/usr/local/lib/python2.7/site-packages/nltk/stem/snowball.pyc\u001b[0m in \u001b[0;36m_r1r2_standard\u001b[0;34m(self, word, vowels)\u001b[0m\n\u001b[1;32m    230\u001b[0m         \u001b[0mr1\u001b[0m \u001b[0;34m=\u001b[0m \u001b[0;34m\"\"\u001b[0m\u001b[0;34m\u001b[0m\u001b[0m\n\u001b[1;32m    231\u001b[0m         \u001b[0mr2\u001b[0m \u001b[0;34m=\u001b[0m \u001b[0;34m\"\"\u001b[0m\u001b[0;34m\u001b[0m\u001b[0m\n\u001b[0;32m--> 232\u001b[0;31m         \u001b[0;32mfor\u001b[0m \u001b[0mi\u001b[0m \u001b[0;32min\u001b[0m \u001b[0mrange\u001b[0m\u001b[0;34m(\u001b[0m\u001b[0;36m1\u001b[0m\u001b[0;34m,\u001b[0m \u001b[0mlen\u001b[0m\u001b[0;34m(\u001b[0m\u001b[0mword\u001b[0m\u001b[0;34m)\u001b[0m\u001b[0;34m)\u001b[0m\u001b[0;34m:\u001b[0m\u001b[0;34m\u001b[0m\u001b[0m\n\u001b[0m\u001b[1;32m    233\u001b[0m             \u001b[0;32mif\u001b[0m \u001b[0mword\u001b[0m\u001b[0;34m[\u001b[0m\u001b[0mi\u001b[0m\u001b[0;34m]\u001b[0m \u001b[0;32mnot\u001b[0m \u001b[0;32min\u001b[0m \u001b[0mvowels\u001b[0m \u001b[0;32mand\u001b[0m \u001b[0mword\u001b[0m\u001b[0;34m[\u001b[0m\u001b[0mi\u001b[0m\u001b[0;34m-\u001b[0m\u001b[0;36m1\u001b[0m\u001b[0;34m]\u001b[0m \u001b[0;32min\u001b[0m \u001b[0mvowels\u001b[0m\u001b[0;34m:\u001b[0m\u001b[0;34m\u001b[0m\u001b[0m\n\u001b[1;32m    234\u001b[0m                 \u001b[0mr1\u001b[0m \u001b[0;34m=\u001b[0m \u001b[0mword\u001b[0m\u001b[0;34m[\u001b[0m\u001b[0mi\u001b[0m\u001b[0;34m+\u001b[0m\u001b[0;36m1\u001b[0m\u001b[0;34m:\u001b[0m\u001b[0;34m]\u001b[0m\u001b[0;34m\u001b[0m\u001b[0m\n",
      "\u001b[0;31mKeyboardInterrupt\u001b[0m: "
     ]
    }
   ],
   "source": [
    "train_orig =  pd.read_csv(PATH+'train.csv', header=0)\n",
    "test_orig =  pd.read_csv(PATH+'test.csv', header=0)\n",
    "\n",
    "def stem_str(x,stemmer=SnowballStemmer('english')):\n",
    "        x = text.re.sub(\"[^a-zA-Z0-9]\",\" \", x)\n",
    "        x = (\" \").join([stemmer.stem(z) for z in x.split(\" \")])\n",
    "        x = \" \".join(x.split())\n",
    "        return x\n",
    "porter = PorterStemmer()\n",
    "snowball = SnowballStemmer('english')\n",
    "\n",
    "train_orig['question1'] = train_orig['question1'].astype(str).apply(lambda x:stem_str(x.lower(),snowball))\n",
    "train_orig['question1'] = train_orig['question1'].astype(str).apply(lambda x:stem_str(x.lower(),snowball))\n",
    "train_orig['question2'] = train_orig['question2'].astype(str).apply(lambda x:stem_str(x.lower(),snowball))\n",
    "train_orig['question2'] = train_orig['question2'].astype(str).apply(lambda x:stem_str(x.lower(),snowball))\n",
    "\n",
    "df1 = train_orig[['question1']].copy()\n",
    "df2 = train_orig[['question2']].copy()\n",
    "df1_test = test_orig[['question1']].copy()\n",
    "df2_test = test_orig[['question2']].copy()\n",
    "\n",
    "df2.rename(columns = {'question2':'question1'},inplace=True)\n",
    "df2_test.rename(columns = {'question2':'question1'},inplace=True)\n",
    "\n",
    "train_questions = df1.append(df2)\n",
    "train_questions = train_questions.append(df1_test)\n",
    "# train_questions = df1.append(df1_test)\n",
    "# train_questions = train_questions.append(df2)\n",
    "train_questions = train_questions.append(df2_test)\n",
    "#train_questions.drop_duplicates(subset = ['qid1'],inplace=True)\n",
    "train_questions.drop_duplicates(subset = ['question1'],inplace=True)\n",
    "\n",
    "train_questions.reset_index(inplace=True,drop=True)\n",
    "questions_dict = pd.Series(train_questions.index.values,index=train_questions.question1.values).to_dict()\n",
    "train_cp = train_orig.copy()\n",
    "test_cp = test_orig.copy()\n",
    "train_cp.drop(['qid1','qid2'],axis=1,inplace=True)\n",
    "\n",
    "test_cp['is_duplicate'] = -1\n",
    "test_cp.rename(columns={'test_id':'id'},inplace=True)\n",
    "comb = pd.concat([train_cp,test_cp])\n",
    "\n",
    "comb['q1_hash'] = comb['question1'].map(questions_dict)\n",
    "comb['q2_hash'] = comb['question2'].map(questions_dict)\n",
    "\n",
    "q1_vc = comb.q1_hash.value_counts().to_dict()\n",
    "q2_vc = comb.q2_hash.value_counts().to_dict()\n",
    "\n",
    "def try_apply_dict(x,dict_to_apply):\n",
    "    try:\n",
    "        return dict_to_apply[x]\n",
    "    except KeyError:\n",
    "        return 0\n",
    "#map to frequency space\n",
    "comb['q1_freq'] = comb['q1_hash'].map(lambda x: try_apply_dict(x,q1_vc) + try_apply_dict(x,q2_vc))\n",
    "comb['q2_freq'] = comb['q2_hash'].map(lambda x: try_apply_dict(x,q1_vc) + try_apply_dict(x,q2_vc))\n",
    "comb['q1_hash_freq'] = comb['q1_hash'].map(lambda x: try_apply_dict(x,q1_vc))\n",
    "comb['q2_hash_freq'] = comb['q2_hash'].map(lambda x: try_apply_dict(x,q2_vc))\n",
    "\n",
    "comb['freq_diff'] = (abs(comb['q1_freq'] - comb['q2_freq'])+0.1) / \\\n",
    "               (comb['q1_freq'] * comb['q2_freq'])\n"
   ]
  },
  {
   "cell_type": "code",
   "execution_count": 6,
   "metadata": {},
   "outputs": [
    {
     "data": {
      "text/html": [
       "<div>\n",
       "<table border=\"1\" class=\"dataframe\">\n",
       "  <thead>\n",
       "    <tr style=\"text-align: right;\">\n",
       "      <th></th>\n",
       "      <th>id</th>\n",
       "      <th>q1_hash</th>\n",
       "      <th>q2_hash</th>\n",
       "      <th>q1_freq</th>\n",
       "      <th>q2_freq</th>\n",
       "      <th>is_duplicate</th>\n",
       "      <th>freq_diff</th>\n",
       "      <th>q1_hash_freq</th>\n",
       "      <th>q2_hash_freq</th>\n",
       "    </tr>\n",
       "  </thead>\n",
       "  <tbody>\n",
       "    <tr>\n",
       "      <th>id</th>\n",
       "      <td>1.000000</td>\n",
       "      <td>0.690308</td>\n",
       "      <td>0.041179</td>\n",
       "      <td>-0.002600</td>\n",
       "      <td>-0.000871</td>\n",
       "      <td>-0.008784</td>\n",
       "      <td>0.001727</td>\n",
       "      <td>-0.002885</td>\n",
       "      <td>-0.001022</td>\n",
       "    </tr>\n",
       "    <tr>\n",
       "      <th>q1_hash</th>\n",
       "      <td>0.690308</td>\n",
       "      <td>1.000000</td>\n",
       "      <td>0.282445</td>\n",
       "      <td>-0.359849</td>\n",
       "      <td>-0.243217</td>\n",
       "      <td>-0.207682</td>\n",
       "      <td>0.035621</td>\n",
       "      <td>-0.386223</td>\n",
       "      <td>-0.207151</td>\n",
       "    </tr>\n",
       "    <tr>\n",
       "      <th>q2_hash</th>\n",
       "      <td>0.041179</td>\n",
       "      <td>0.282445</td>\n",
       "      <td>1.000000</td>\n",
       "      <td>-0.397311</td>\n",
       "      <td>-0.471671</td>\n",
       "      <td>-0.346925</td>\n",
       "      <td>0.069128</td>\n",
       "      <td>-0.406026</td>\n",
       "      <td>-0.365688</td>\n",
       "    </tr>\n",
       "    <tr>\n",
       "      <th>q1_freq</th>\n",
       "      <td>-0.002600</td>\n",
       "      <td>-0.359849</td>\n",
       "      <td>-0.397311</td>\n",
       "      <td>1.000000</td>\n",
       "      <td>0.599397</td>\n",
       "      <td>0.343747</td>\n",
       "      <td>-0.166016</td>\n",
       "      <td>0.898113</td>\n",
       "      <td>0.528905</td>\n",
       "    </tr>\n",
       "    <tr>\n",
       "      <th>q2_freq</th>\n",
       "      <td>-0.000871</td>\n",
       "      <td>-0.243217</td>\n",
       "      <td>-0.471671</td>\n",
       "      <td>0.599397</td>\n",
       "      <td>1.000000</td>\n",
       "      <td>0.265540</td>\n",
       "      <td>-0.099017</td>\n",
       "      <td>0.583196</td>\n",
       "      <td>0.948601</td>\n",
       "    </tr>\n",
       "    <tr>\n",
       "      <th>is_duplicate</th>\n",
       "      <td>-0.008784</td>\n",
       "      <td>-0.207682</td>\n",
       "      <td>-0.346925</td>\n",
       "      <td>0.343747</td>\n",
       "      <td>0.265540</td>\n",
       "      <td>1.000000</td>\n",
       "      <td>-0.332427</td>\n",
       "      <td>0.334511</td>\n",
       "      <td>0.228869</td>\n",
       "    </tr>\n",
       "    <tr>\n",
       "      <th>freq_diff</th>\n",
       "      <td>0.001727</td>\n",
       "      <td>0.035621</td>\n",
       "      <td>0.069128</td>\n",
       "      <td>-0.166016</td>\n",
       "      <td>-0.099017</td>\n",
       "      <td>-0.332427</td>\n",
       "      <td>1.000000</td>\n",
       "      <td>-0.158787</td>\n",
       "      <td>-0.078082</td>\n",
       "    </tr>\n",
       "    <tr>\n",
       "      <th>q1_hash_freq</th>\n",
       "      <td>-0.002885</td>\n",
       "      <td>-0.386223</td>\n",
       "      <td>-0.406026</td>\n",
       "      <td>0.898113</td>\n",
       "      <td>0.583196</td>\n",
       "      <td>0.334511</td>\n",
       "      <td>-0.158787</td>\n",
       "      <td>1.000000</td>\n",
       "      <td>0.476849</td>\n",
       "    </tr>\n",
       "    <tr>\n",
       "      <th>q2_hash_freq</th>\n",
       "      <td>-0.001022</td>\n",
       "      <td>-0.207151</td>\n",
       "      <td>-0.365688</td>\n",
       "      <td>0.528905</td>\n",
       "      <td>0.948601</td>\n",
       "      <td>0.228869</td>\n",
       "      <td>-0.078082</td>\n",
       "      <td>0.476849</td>\n",
       "      <td>1.000000</td>\n",
       "    </tr>\n",
       "  </tbody>\n",
       "</table>\n",
       "</div>"
      ],
      "text/plain": [
       "                    id   q1_hash   q2_hash   q1_freq   q2_freq  is_duplicate  \\\n",
       "id            1.000000  0.690308  0.041179 -0.002600 -0.000871     -0.008784   \n",
       "q1_hash       0.690308  1.000000  0.282445 -0.359849 -0.243217     -0.207682   \n",
       "q2_hash       0.041179  0.282445  1.000000 -0.397311 -0.471671     -0.346925   \n",
       "q1_freq      -0.002600 -0.359849 -0.397311  1.000000  0.599397      0.343747   \n",
       "q2_freq      -0.000871 -0.243217 -0.471671  0.599397  1.000000      0.265540   \n",
       "is_duplicate -0.008784 -0.207682 -0.346925  0.343747  0.265540      1.000000   \n",
       "freq_diff     0.001727  0.035621  0.069128 -0.166016 -0.099017     -0.332427   \n",
       "q1_hash_freq -0.002885 -0.386223 -0.406026  0.898113  0.583196      0.334511   \n",
       "q2_hash_freq -0.001022 -0.207151 -0.365688  0.528905  0.948601      0.228869   \n",
       "\n",
       "              freq_diff  q1_hash_freq  q2_hash_freq  \n",
       "id             0.001727     -0.002885     -0.001022  \n",
       "q1_hash        0.035621     -0.386223     -0.207151  \n",
       "q2_hash        0.069128     -0.406026     -0.365688  \n",
       "q1_freq       -0.166016      0.898113      0.528905  \n",
       "q2_freq       -0.099017      0.583196      0.948601  \n",
       "is_duplicate  -0.332427      0.334511      0.228869  \n",
       "freq_diff      1.000000     -0.158787     -0.078082  \n",
       "q1_hash_freq  -0.158787      1.000000      0.476849  \n",
       "q2_hash_freq  -0.078082      0.476849      1.000000  "
      ]
     },
     "execution_count": 6,
     "metadata": {},
     "output_type": "execute_result"
    }
   ],
   "source": [
    "corr_list = ['id','q1_hash','q2_hash','q1_freq','q2_freq','is_duplicate','freq_diff','q1_hash_freq','q2_hash_freq']\n",
    "train_comb = comb[comb['is_duplicate'] >= 0][corr_list]\n",
    "test_comb = comb[comb['is_duplicate'] < 0][corr_list]\n",
    "train_comb.corr()"
   ]
  },
  {
   "cell_type": "code",
   "execution_count": 33,
   "metadata": {
    "scrolled": true
   },
   "outputs": [
    {
     "data": {
      "text/html": [
       "<div>\n",
       "<table border=\"1\" class=\"dataframe\">\n",
       "  <thead>\n",
       "    <tr style=\"text-align: right;\">\n",
       "      <th></th>\n",
       "      <th>id</th>\n",
       "      <th>q1_hash</th>\n",
       "      <th>q2_hash</th>\n",
       "      <th>q1_freq</th>\n",
       "      <th>q2_freq</th>\n",
       "      <th>is_duplicate</th>\n",
       "    </tr>\n",
       "  </thead>\n",
       "  <tbody>\n",
       "    <tr>\n",
       "      <th>id</th>\n",
       "      <td>1.000000</td>\n",
       "      <td>0.692730</td>\n",
       "      <td>0.286969</td>\n",
       "      <td>-0.001608</td>\n",
       "      <td>-0.000777</td>\n",
       "      <td>-0.008784</td>\n",
       "    </tr>\n",
       "    <tr>\n",
       "      <th>q1_hash</th>\n",
       "      <td>0.692730</td>\n",
       "      <td>1.000000</td>\n",
       "      <td>0.492993</td>\n",
       "      <td>-0.341777</td>\n",
       "      <td>-0.202545</td>\n",
       "      <td>-0.206498</td>\n",
       "    </tr>\n",
       "    <tr>\n",
       "      <th>q2_hash</th>\n",
       "      <td>0.286969</td>\n",
       "      <td>0.492993</td>\n",
       "      <td>1.000000</td>\n",
       "      <td>-0.392605</td>\n",
       "      <td>-0.466434</td>\n",
       "      <td>-0.349626</td>\n",
       "    </tr>\n",
       "    <tr>\n",
       "      <th>q1_freq</th>\n",
       "      <td>-0.001608</td>\n",
       "      <td>-0.341777</td>\n",
       "      <td>-0.392605</td>\n",
       "      <td>1.000000</td>\n",
       "      <td>0.494315</td>\n",
       "      <td>0.296621</td>\n",
       "    </tr>\n",
       "    <tr>\n",
       "      <th>q2_freq</th>\n",
       "      <td>-0.000777</td>\n",
       "      <td>-0.202545</td>\n",
       "      <td>-0.466434</td>\n",
       "      <td>0.494315</td>\n",
       "      <td>1.000000</td>\n",
       "      <td>0.198609</td>\n",
       "    </tr>\n",
       "  </tbody>\n",
       "</table>\n",
       "</div>"
      ],
      "text/plain": [
       "               id   q1_hash   q2_hash   q1_freq   q2_freq  is_duplicate\n",
       "id       1.000000  0.692730  0.286969 -0.001608 -0.000777     -0.008784\n",
       "q1_hash  0.692730  1.000000  0.492993 -0.341777 -0.202545     -0.206498\n",
       "q2_hash  0.286969  0.492993  1.000000 -0.392605 -0.466434     -0.349626\n",
       "q1_freq -0.001608 -0.341777 -0.392605  1.000000  0.494315      0.296621\n",
       "q2_freq -0.000777 -0.202545 -0.466434  0.494315  1.000000      0.198609"
      ]
     },
     "execution_count": 33,
     "metadata": {},
     "output_type": "execute_result"
    }
   ],
   "source": [
    "corr_mat = train_comb.corr()\n",
    "corr_mat.head()\n",
    "#more frequenct questions are more likely to be duplicates"
   ]
  },
  {
   "cell_type": "code",
   "execution_count": 29,
   "metadata": {},
   "outputs": [
    {
     "data": {
      "text/html": [
       "<div>\n",
       "<table border=\"1\" class=\"dataframe\">\n",
       "  <thead>\n",
       "    <tr style=\"text-align: right;\">\n",
       "      <th></th>\n",
       "      <th>id</th>\n",
       "      <th>q1_hash</th>\n",
       "      <th>q2_hash</th>\n",
       "      <th>q1_freq</th>\n",
       "      <th>q2_freq</th>\n",
       "      <th>is_duplicate</th>\n",
       "      <th>freq_diff</th>\n",
       "      <th>q1_hash_freq</th>\n",
       "      <th>q2_hash_freq</th>\n",
       "      <th>q_hash_pos</th>\n",
       "      <th>q_hash_pos_1</th>\n",
       "    </tr>\n",
       "  </thead>\n",
       "  <tbody>\n",
       "    <tr>\n",
       "      <th>id</th>\n",
       "      <td>1.000000</td>\n",
       "      <td>0.690308</td>\n",
       "      <td>0.041179</td>\n",
       "      <td>-0.002600</td>\n",
       "      <td>-0.000871</td>\n",
       "      <td>-0.008784</td>\n",
       "      <td>0.001727</td>\n",
       "      <td>-0.002885</td>\n",
       "      <td>-0.001022</td>\n",
       "      <td>0.115121</td>\n",
       "      <td>0.071093</td>\n",
       "    </tr>\n",
       "    <tr>\n",
       "      <th>q1_hash</th>\n",
       "      <td>0.690308</td>\n",
       "      <td>1.000000</td>\n",
       "      <td>0.282445</td>\n",
       "      <td>-0.359849</td>\n",
       "      <td>-0.243217</td>\n",
       "      <td>-0.207682</td>\n",
       "      <td>0.035621</td>\n",
       "      <td>-0.386223</td>\n",
       "      <td>-0.207151</td>\n",
       "      <td>0.060618</td>\n",
       "      <td>-0.046562</td>\n",
       "    </tr>\n",
       "    <tr>\n",
       "      <th>q2_hash</th>\n",
       "      <td>0.041179</td>\n",
       "      <td>0.282445</td>\n",
       "      <td>1.000000</td>\n",
       "      <td>-0.397311</td>\n",
       "      <td>-0.471671</td>\n",
       "      <td>-0.346925</td>\n",
       "      <td>0.069128</td>\n",
       "      <td>-0.406026</td>\n",
       "      <td>-0.365688</td>\n",
       "      <td>-0.583149</td>\n",
       "      <td>-0.472782</td>\n",
       "    </tr>\n",
       "    <tr>\n",
       "      <th>q1_freq</th>\n",
       "      <td>-0.002600</td>\n",
       "      <td>-0.359849</td>\n",
       "      <td>-0.397311</td>\n",
       "      <td>1.000000</td>\n",
       "      <td>0.599397</td>\n",
       "      <td>0.343747</td>\n",
       "      <td>-0.166016</td>\n",
       "      <td>0.898113</td>\n",
       "      <td>0.528905</td>\n",
       "      <td>0.128596</td>\n",
       "      <td>0.210646</td>\n",
       "    </tr>\n",
       "    <tr>\n",
       "      <th>q2_freq</th>\n",
       "      <td>-0.000871</td>\n",
       "      <td>-0.243217</td>\n",
       "      <td>-0.471671</td>\n",
       "      <td>0.599397</td>\n",
       "      <td>1.000000</td>\n",
       "      <td>0.265540</td>\n",
       "      <td>-0.099017</td>\n",
       "      <td>0.583196</td>\n",
       "      <td>0.948601</td>\n",
       "      <td>0.292966</td>\n",
       "      <td>0.292321</td>\n",
       "    </tr>\n",
       "    <tr>\n",
       "      <th>is_duplicate</th>\n",
       "      <td>-0.008784</td>\n",
       "      <td>-0.207682</td>\n",
       "      <td>-0.346925</td>\n",
       "      <td>0.343747</td>\n",
       "      <td>0.265540</td>\n",
       "      <td>1.000000</td>\n",
       "      <td>-0.332427</td>\n",
       "      <td>0.334511</td>\n",
       "      <td>0.228869</td>\n",
       "      <td>0.123509</td>\n",
       "      <td>0.207493</td>\n",
       "    </tr>\n",
       "    <tr>\n",
       "      <th>freq_diff</th>\n",
       "      <td>0.001727</td>\n",
       "      <td>0.035621</td>\n",
       "      <td>0.069128</td>\n",
       "      <td>-0.166016</td>\n",
       "      <td>-0.099017</td>\n",
       "      <td>-0.332427</td>\n",
       "      <td>1.000000</td>\n",
       "      <td>-0.158787</td>\n",
       "      <td>-0.078082</td>\n",
       "      <td>0.072430</td>\n",
       "      <td>-0.164259</td>\n",
       "    </tr>\n",
       "    <tr>\n",
       "      <th>q1_hash_freq</th>\n",
       "      <td>-0.002885</td>\n",
       "      <td>-0.386223</td>\n",
       "      <td>-0.406026</td>\n",
       "      <td>0.898113</td>\n",
       "      <td>0.583196</td>\n",
       "      <td>0.334511</td>\n",
       "      <td>-0.158787</td>\n",
       "      <td>1.000000</td>\n",
       "      <td>0.476849</td>\n",
       "      <td>0.129154</td>\n",
       "      <td>0.210356</td>\n",
       "    </tr>\n",
       "    <tr>\n",
       "      <th>q2_hash_freq</th>\n",
       "      <td>-0.001022</td>\n",
       "      <td>-0.207151</td>\n",
       "      <td>-0.365688</td>\n",
       "      <td>0.528905</td>\n",
       "      <td>0.948601</td>\n",
       "      <td>0.228869</td>\n",
       "      <td>-0.078082</td>\n",
       "      <td>0.476849</td>\n",
       "      <td>1.000000</td>\n",
       "      <td>0.206482</td>\n",
       "      <td>0.205859</td>\n",
       "    </tr>\n",
       "    <tr>\n",
       "      <th>q_hash_pos</th>\n",
       "      <td>0.115121</td>\n",
       "      <td>0.060618</td>\n",
       "      <td>-0.583149</td>\n",
       "      <td>0.128596</td>\n",
       "      <td>0.292966</td>\n",
       "      <td>0.123509</td>\n",
       "      <td>0.072430</td>\n",
       "      <td>0.129154</td>\n",
       "      <td>0.206482</td>\n",
       "      <td>1.000000</td>\n",
       "      <td>0.805124</td>\n",
       "    </tr>\n",
       "    <tr>\n",
       "      <th>q_hash_pos_1</th>\n",
       "      <td>0.071093</td>\n",
       "      <td>-0.046562</td>\n",
       "      <td>-0.472782</td>\n",
       "      <td>0.210646</td>\n",
       "      <td>0.292321</td>\n",
       "      <td>0.207493</td>\n",
       "      <td>-0.164259</td>\n",
       "      <td>0.210356</td>\n",
       "      <td>0.205859</td>\n",
       "      <td>0.805124</td>\n",
       "      <td>1.000000</td>\n",
       "    </tr>\n",
       "  </tbody>\n",
       "</table>\n",
       "</div>"
      ],
      "text/plain": [
       "                    id   q1_hash   q2_hash   q1_freq   q2_freq  is_duplicate  \\\n",
       "id            1.000000  0.690308  0.041179 -0.002600 -0.000871     -0.008784   \n",
       "q1_hash       0.690308  1.000000  0.282445 -0.359849 -0.243217     -0.207682   \n",
       "q2_hash       0.041179  0.282445  1.000000 -0.397311 -0.471671     -0.346925   \n",
       "q1_freq      -0.002600 -0.359849 -0.397311  1.000000  0.599397      0.343747   \n",
       "q2_freq      -0.000871 -0.243217 -0.471671  0.599397  1.000000      0.265540   \n",
       "is_duplicate -0.008784 -0.207682 -0.346925  0.343747  0.265540      1.000000   \n",
       "freq_diff     0.001727  0.035621  0.069128 -0.166016 -0.099017     -0.332427   \n",
       "q1_hash_freq -0.002885 -0.386223 -0.406026  0.898113  0.583196      0.334511   \n",
       "q2_hash_freq -0.001022 -0.207151 -0.365688  0.528905  0.948601      0.228869   \n",
       "q_hash_pos    0.115121  0.060618 -0.583149  0.128596  0.292966      0.123509   \n",
       "q_hash_pos_1  0.071093 -0.046562 -0.472782  0.210646  0.292321      0.207493   \n",
       "\n",
       "              freq_diff  q1_hash_freq  q2_hash_freq  q_hash_pos  q_hash_pos_1  \n",
       "id             0.001727     -0.002885     -0.001022    0.115121      0.071093  \n",
       "q1_hash        0.035621     -0.386223     -0.207151    0.060618     -0.046562  \n",
       "q2_hash        0.069128     -0.406026     -0.365688   -0.583149     -0.472782  \n",
       "q1_freq       -0.166016      0.898113      0.528905    0.128596      0.210646  \n",
       "q2_freq       -0.099017      0.583196      0.948601    0.292966      0.292321  \n",
       "is_duplicate  -0.332427      0.334511      0.228869    0.123509      0.207493  \n",
       "freq_diff      1.000000     -0.158787     -0.078082    0.072430     -0.164259  \n",
       "q1_hash_freq  -0.158787      1.000000      0.476849    0.129154      0.210356  \n",
       "q2_hash_freq  -0.078082      0.476849      1.000000    0.206482      0.205859  \n",
       "q_hash_pos     0.072430      0.129154      0.206482    1.000000      0.805124  \n",
       "q_hash_pos_1  -0.164259      0.210356      0.205859    0.805124      1.000000  "
      ]
     },
     "execution_count": 29,
     "metadata": {},
     "output_type": "execute_result"
    }
   ],
   "source": [
    "# train_comb['q_hash_diff'] = train_comb['q1_hash'] - train_comb['q2_hash']\n",
    "train_comb['q_hash_pos'] = train_comb['q1_hash']-train_comb['q2_hash']>0\n",
    "train_comb['q_hash_pos'] = train_comb['q_hash_pos'].astype(int)\n",
    "train_comb['q_hash_pos_1'] = train_comb[['q1_freq','q_hash_pos']].apply(lambda x: 1 if x[0]>1 and x[1]>0 else 0, axis=1)\n",
    "train_comb.corr()"
   ]
  },
  {
   "cell_type": "code",
   "execution_count": 59,
   "metadata": {},
   "outputs": [
    {
     "data": {
      "text/plain": [
       "0.36919785302629299"
      ]
     },
     "execution_count": 59,
     "metadata": {},
     "output_type": "execute_result"
    },
    {
     "data": {
      "text/plain": [
       "(47463, 8)"
      ]
     },
     "execution_count": 59,
     "metadata": {},
     "output_type": "execute_result"
    },
    {
     "data": {
      "text/plain": [
       "0.53262541347997383"
      ]
     },
     "execution_count": 59,
     "metadata": {},
     "output_type": "execute_result"
    },
    {
     "data": {
      "text/plain": [
       "(32092, 8)"
      ]
     },
     "execution_count": 59,
     "metadata": {},
     "output_type": "execute_result"
    },
    {
     "data": {
      "text/plain": [
       "0.71020815156425277"
      ]
     },
     "execution_count": 59,
     "metadata": {},
     "output_type": "execute_result"
    },
    {
     "data": {
      "text/plain": [
       "(354682, 8)"
      ]
     },
     "execution_count": 59,
     "metadata": {},
     "output_type": "execute_result"
    },
    {
     "data": {
      "text/plain": [
       "0.34458472660016576"
      ]
     },
     "execution_count": 59,
     "metadata": {},
     "output_type": "execute_result"
    }
   ],
   "source": [
    "train_comb['is_duplicate'].mean()\n",
    "pos = train_comb[train_comb['q1_hash']-train_comb['q2_hash']>0]\n",
    "pos.shape\n",
    "pos['is_duplicate'].mean()\n",
    "pos = pos[pos['q1_freq']>1]\n",
    "pos.shape\n",
    "pos['is_duplicate'].mean()\n",
    "pos = train_comb[train_comb['q1_hash']-train_comb['q2_hash']<0]\n",
    "pos.shape\n",
    "pos['is_duplicate'].mean()"
   ]
  },
  {
   "cell_type": "code",
   "execution_count": 30,
   "metadata": {
    "collapsed": true
   },
   "outputs": [],
   "source": [
    "list1 = []\n",
    "list1.append(0)\n",
    "gpf = train_comb['q2_hash'].values\n",
    "tag = gpf[0]\n",
    "for i in range(train_comb.shape[0])[1:]:\n",
    "    if gpf[i]-tag<0:\n",
    "        list1.append(gpf[i]-tag)\n",
    "    if gpf[i]-tag>=0:\n",
    "        list1.append(gpf[i]-tag)\n",
    "        tag=gpf[i]\n",
    "\n",
    "train_comb['q2_change'] = list1\n",
    "\n",
    "list1 = []\n",
    "list1.append(0)\n",
    "gpf = train_comb['q1_hash'].values\n",
    "tag = gpf[0]\n",
    "for i in range(train_comb.shape[0])[1:]:\n",
    "    if gpf[i]-tag<0:\n",
    "        list1.append(gpf[i]-tag)\n",
    "    if gpf[i]-tag>=0:\n",
    "        list1.append(gpf[i]-tag)\n",
    "        tag=gpf[i]\n",
    "        \n",
    "train_comb['q1_change'] = list1"
   ]
  },
  {
   "cell_type": "code",
   "execution_count": 121,
   "metadata": {},
   "outputs": [
    {
     "data": {
      "text/plain": [
       "(79710,)"
      ]
     },
     "execution_count": 121,
     "metadata": {},
     "output_type": "execute_result"
    },
    {
     "data": {
      "text/plain": [
       "0.78024087316522395"
      ]
     },
     "execution_count": 121,
     "metadata": {},
     "output_type": "execute_result"
    },
    {
     "data": {
      "text/plain": [
       "(209993,)"
      ]
     },
     "execution_count": 121,
     "metadata": {},
     "output_type": "execute_result"
    },
    {
     "data": {
      "text/plain": [
       "0.23252679851233135"
      ]
     },
     "execution_count": 121,
     "metadata": {},
     "output_type": "execute_result"
    },
    {
     "data": {
      "text/plain": [
       "(34915,)"
      ]
     },
     "execution_count": 121,
     "metadata": {},
     "output_type": "execute_result"
    },
    {
     "data": {
      "text/plain": [
       "0.15153945295718171"
      ]
     },
     "execution_count": 121,
     "metadata": {},
     "output_type": "execute_result"
    },
    {
     "data": {
      "text/plain": [
       "(79672,)"
      ]
     },
     "execution_count": 121,
     "metadata": {},
     "output_type": "execute_result"
    },
